Episode: 1/150, Total steps: 41, Parameters: epsilon=0.6556592205741436, lr=0.001.
Episode: 2/150, Total steps: 31, Parameters: epsilon=0.7249803359578534, lr=0.001.
Episode: 3/150, Total steps: 23, Parameters: epsilon=0.7856781408072188, lr=0.001.
Episode: 4/150, Total steps: 30, Parameters: epsilon=0.7323033696543974, lr=0.001.
